2.42658e-06
5.15258e-06
8.29497e-06
1.24541e-05
1.81688e-05
2.44326e-05
3.17401e-05
4.11786e-05
5.01774e-05
5.87561e-05
6.69784e-05
7.54967e-05
8.39643e-05
9.34499e-05
0.000103392
0.000114128
0.000125799
0.000137967
0.000151253
0.000166092
0.000178256
0.000190338
0.000201246
0.000212859
0.000222612
0.000232055
0.000242013
0.000253006
0.000263806
0.000274607
0.00028411
0.00029406
0.000304817
0.000314512
0.000323892
0.000333757
0.000344015
0.000354862
0.000364574
0.000374431
0.000384703
0.000395343
0.000405849
0.000416105
0.000426283
0.000436778
0.000447704
0.000460387
0.0004723
0.000484056
0.000495948
0.000508364
0.000521157
0.000534189
0.000548342
0.000562609
0.000577055
0.000592168
0.000607334
0.000623304
0.000639899
0.000656262
0.000672974
0.000690214
0.000707798
0.000725789
0.000745518
0.000764565
0.000783893
0.000804127
0.000825082
0.000845976
0.00086714
0.000889232
0.000911454
0.000935758
0.000959022
0.000982638
0.00100688
0.00103246
0.0010576
0.00108569
0.00111542
0.00114352
0.00117149
0.00120012
0.00122937
0.0012592
0.00128939
0.00132006
0.0013502
0.00138098
0.00141395
0.0014458
0.00147795
0.00151123
0.00154491
0.00157966
0.00161566
0.0016509
0.00168765
0.00172427
0.00176174
0.00180164
0.00184071
0.001881
0.00192067
0.00196111
0.00200226
0.00205377
0.00209699
0.00214035
0.0021834
0.00222678
0.00227198
0.00231704
0.00236248
0.00240806
0.00246088
0.00251154
0.0025626
0.00261175
0.00266211
0.00271236
0.00276477
0.00281692
0.00286971
0.00292424
0.00297852
0.00303294
0.00308834
0.00314523
0.00320442
0.00326269
0.00332232
0.00338603
0.00344651
0.00350909
0.00357244
0.00363439
0.00369816
0.00376092
0.00382528
0.00389168
0.0039582
0.00402462
0.00409246
0.00415989
0.00422956
0.00430108
0.00437415
0.00444657
0.0045189
0.00459384
0.00466794
0.00474428
0.00481974
0.00489768
0.00497597
0.00505485
0.00513433
0.00521624
0.00529754
0.00537851
0.00546134
0.00554534
0.00563026
0.00571697
0.00580765
0.00589629
0.00598476
0.00607539
0.00616467
0.00625847
0.00635355
0.00644589
0.00653847
0.00663279
0.0067286
0.00682601
0.00692289
0.0070236
0.00712307
0.00722598
0.00733573
0.00744647
0.0075501
0.00765629
0.00776091
0.00786696
0.00797414
0.00808079
0.00819044
0.00829927
0.0084103
0.00852501
0.00863945
0.00875216
0.00886615
0.00898152
0.00909729
0.00921735
0.00933598
0.00945495
0.0095754
0.00969917
0.00982513
0.00994977
0.0100762
0.0102045
0.0103314
0.0104605
0.0105902
0.0107212
0.0108502
0.0109834
0.0111161
0.0112494
0.0113831
0.01152
0.0116595
0.0118076
0.0119477
0.0120895
0.0122332
0.0123828
0.0125264
0.0126727
0.0128184
0.0129672
0.0131172
0.0132684
0.0134199
0.013572
0.0137258
0.0138805
0.0140366
0.0141931
0.0143525
0.0145124
0.0146761
0.0148422
0.0150048
0.0151688
0.0153335
0.0155008
0.0156705
0.0158414
0.0160135
0.0161963
0.0163692
0.0165437
0.0167198
0.016896
0.0170739
0.0172587
0.0174396
0.0176251
0.017811
0.0179938
0.0181785
0.0183652
0.0185519
0.0187391
0.0189347
0.0191341
0.019324
0.0195151
0.0197107
0.0199046
0.0201001
0.0202973
0.0205115
0.0207107
0.0209147
0.021117
0.0213211
0.0215284
0.0217362
0.0219449
0.0221585
0.0223711
0.0225842
0.0227954
0.0230112
0.0232255
0.0234455
0.0236765
0.0238988
0.024123
0.0243489
0.0245756
0.024808
0.0250336
0.0252598
0.025492
0.025725
0.0259614
0.0262026
0.0264399
0.0266813
0.0269223
0.0271718
0.0274161
0.0276586
0.0279056
0.0281506
0.0283976
0.0286479
0.0289004
0.0291543
0.0294097
0.0296731
0.0299321
0.0301903
0.0304515
0.0307149
0.0309754
0.0312395
0.0315076
0.0317755
0.0320534
0.032324
0.0325975
0.0328725
0.033147
0.0334274
0.033705
0.0339855
0.0342654
0.0345545
0.0348388
0.0351244
0.0354171
0.0357232
0.0360288
0.0363734
0.0366992
0.0370067
0.0373258
0.0376247
0.0379233
0.03823
0.0385333
0.03884
0.0391453
0.0394583
0.0397673
0.0400813
0.0403947
0.0407148
0.0410314
0.0413507
0.0416849
0.0420155
0.0423375
0.0426636
0.0429904
0.0433214
0.0436504
0.0439841
0.0443174
0.0446573
0.0449917
0.0453314
0.045672
0.0460191
0.0463634
0.0467094
0.0470635
0.0474195
0.0477738
0.0481283
0.0484797
0.0488357
0.049195
0.0495585
0.049918
0.0502833
0.050657
0.0510211
0.0514232
0.0518886
0.0523827
0.0528335
0.0532782
0.053683
0.0540677
0.0544637
0.05487
0.0552894
0.055723
0.0561581
0.0566184
0.0571217
0.0575761
0.0580084
0.0584126
0.0588252
0.0592292
0.0596442
0.0600582
0.0605218
0.060994
0.0615042
0.0619586
0.0623945
0.0628245
0.0632557
0.0638184
0.0643878
0.0650493
0.0655846
0.066293
0.0668858
0.0674359
0.0679698
0.0684609
0.0689454
0.0694904
0.0699999
0.0705332
0.0710364
0.0715218
0.071998
0.0724552
0.0729021
0.0733566
0.0738192
0.0743014
0.0747986
0.0752939
0.0758013
0.0762998
0.0768285
0.077355
0.0778439
0.0783174
0.0787907
0.0792831
0.0797639
0.080253
0.0807499
0.0812603
0.0817834
0.08234
0.0828987
0.0834448
0.0839917
0.0846419
0.085386
0.0861406
0.0868666
0.0875162
0.0880629
0.0886532
0.0892568
0.0898462
0.0904278
0.091002
0.0915804
0.0921795
0.0927816
0.0933658
0.0939823
0.0945897
0.0952047
0.095835
0.0964605
0.097096
0.0976975
0.0982694
0.0988513
0.0994223
0.0999901
0.100563
0.101146
0.101731
0.102311
0.102889
0.103469
0.104058
0.104645
0.105244
0.105844
0.106459
0.107056
0.107655
0.10825
0.108853
0.109454
0.110061
0.110669
0.111281
0.111898
0.112523
0.113154
0.11419
0.114901
0.115644
0.116504
0.117239
0.117988
0.118798
0.119638
0.120624
0.121651
0.12255
0.123365
0.124016
0.124653
0.125316
0.126053
0.126811
0.127577
0.12834
0.129299
0.130699
0.13173
0.132629
0.133516
0.134457
0.135234
0.136037
0.13677
0.137716
0.138478
0.139188
0.139929
0.1407
0.14151
0.142316
0.143086
0.143835
0.14454
0.145342
0.146134
0.146914
0.147721
0.148692
0.149792
0.150726
0.151551
0.152709
0.153502
0.154379
0.15518
0.156011
0.156928
0.157797
0.158729
0.159607
0.160674
0.161706
0.162595
0.163891
0.165376
0.166551
0.167634
0.168532
0.169673
0.170924
0.171926
0.172881
0.174003
0.17564
0.177231
0.17843
0.17953
0.180462
0.181384
0.182401
0.183432
0.184558
0.185644
0.186706
0.187833
0.188887
0.189813
0.190811
0.191777
0.192792
0.194077
0.19534
0.19659
0.198031
0.19919
0.200162
0.201336
0.202391
0.20331
0.20423
0.205279
0.206413
0.207625
0.209088
0.210557
0.211533
0.21268
0.213789
0.214875
0.216215
0.217386
0.218467
0.219507
0.220614
0.22203
0.223126
0.224176
0.225245
0.226204
0.227259
0.228513
0.229609
0.230836
0.231943
0.23298
0.234071
0.235113
0.236156
0.237214
0.238233
0.239337
0.240479
0.241879
0.243021
0.244851
0.246052
0.247079
0.248144
0.249239
0.250342
0.251492
0.252556
0.25365
0.254814
0.255943
0.257027
0.258385
0.259453
0.260729
0.261897
0.262995
0.264444
0.265832
0.266986
0.268124
0.269299
0.270666
0.271751
0.272885
0.274121
0.275633
0.277063
0.278187
0.279411
0.280655
0.281887
0.283128
0.284662
0.285912
0.287027
0.288263
0.28936
0.290486
0.29159
0.292712
0.293821
0.294942
0.296064
0.297204
0.298335
0.299448
0.300593
0.301701
0.30284
0.303983
0.305131
0.306301
0.307453
0.308631
0.30979
0.311334
0.312704
0.313901
0.3151
0.316276
0.317458
0.318767
0.319958
0.321173
0.322365
0.323555
0.324799
0.32601
0.327221
0.328418
0.329634
0.330843
0.332074
0.333287
0.334511
0.335731
0.336997
0.338263
0.339492
0.340938
0.34219
0.343439
0.344771
0.346074
0.347338
0.348593
0.349864
0.35116
0.352456
0.353732
0.354999
0.356325
0.357616
0.358897
0.360175
0.361459
0.362761
0.364063
0.365372
0.366697
0.368006
0.369316
0.370636
0.37195
0.373265
0.3746
0.375924
0.37725
0.378583
0.379932
0.381271
0.382637
0.383979
0.385317
0.386681
0.388022
0.389371
0.390727
0.392114
0.393476
0.39484
0.396236
0.397631
0.399015
0.400388
0.401766
0.403146
0.404555
0.405948
0.407341
0.408741
0.410158
0.411581
0.412995
0.414444
0.415885
0.417311
0.41874
0.420162
0.421602
0.423031
0.424469
0.42592
0.42739
0.428889
0.430354
0.431806
0.433285
0.434761
0.436222
0.437685
0.439165
0.440663
0.442139
0.44362
0.445101
0.446606
0.448097
0.44959
0.451095
0.452637
0.454151
0.455682
0.457236
0.458892
0.460502
0.462161
0.463807
0.46537
0.467064
0.468687
0.470263
0.47207
0.473803
0.475624
0.477505
0.479156
0.481321
0.483146
0.485056
0.486736
0.488365
0.490039
0.491963
0.493654
0.495324
0.497309
0.499009
0.500663
0.50232
0.504297
0.506
0.507702
0.509401
0.511211
0.512962
0.514636
0.516323
0.518005
0.520005
0.521685
0.523388
0.525062
0.526747
0.528434
0.530113
0.531806
0.533506
0.535212
0.536965
0.53866
0.540361
0.542059
0.543778
0.5455
0.547321
0.549066
0.55082
0.552626
0.554372
0.556118
0.557866
0.559618
0.561384
0.563161
0.564927
0.566688
0.568459
0.570222
0.571989
0.573807
0.575655
0.577481
0.579293
0.581104
0.582915
0.584761
0.586571
0.5884
0.590233
0.592059
0.593875
0.595716
0.597541
0.599375
0.601207
0.603035
0.604939
0.60685
0.60879
0.610901
0.612806
0.614776
0.61695
0.61891
0.621074
0.623195
0.625178
0.627121
0.629098
0.631039
0.632948
0.634869
0.636875
0.638858
0.640774
0.642694
0.644616
0.646532
0.64846
0.650412
0.652359
0.654297
0.656253
0.658223
0.660174
0.662131
0.664096
0.666141
0.668117
0.670092
0.672085
0.674064
0.676059
0.678054
0.680049
0.68205
0.684049
0.686041
0.688057
0.690065
0.692074
0.694102
0.696185
0.698214
0.700249
0.702287
0.70431
0.706337
0.708382
0.710428
0.71247
0.714513
0.71658
0.71864
0.72073
0.722796
0.724852
0.726992
0.729126
0.731213
0.73331
0.735406
0.737794
0.740041
0.74242
0.744857
0.74724
0.749431
0.751699
0.754127
0.756423
0.758644
0.761011
0.763518
0.765867
0.768095
0.770326
0.772566
0.77478
0.777013
0.779243
0.781467
0.783712
0.785986
0.788235
0.790487
0.792735
0.795142
0.797392
0.79984
0.802497
0.804935
0.807661
0.809984
0.812504
0.814849
0.817237
0.819583
0.82232
0.824712
0.827122
0.829617
0.832239
0.834717
0.837319
0.839675
0.842086
0.844992
0.848514
0.851562
0.854427
0.858224
