2.75401e-06
5.54711e-06
8.68574e-06
1.22833e-05
1.89435e-05
2.33144e-05
2.80897e-05
3.42586e-05
3.78781e-05
4.21878e-05
4.69119e-05
5.22846e-05
5.76451e-05
6.36966e-05
6.98491e-05
7.67255e-05
8.40676e-05
9.17132e-05
0.000100505
0.000112605
0.000123606
0.00013705
0.0001472
0.000157899
0.000177258
0.000200017
0.000213491
0.000231596
0.000250985
0.000271983
0.000293201
0.000315945
0.000340226
0.000364699
0.000390031
0.000416843
0.000430432
0.000444311
0.000458572
0.000473183
0.000488353
0.000504119
0.000520171
0.00053687
0.000553816
0.000571583
0.000593848
0.000615986
0.000635921
0.000656339
0.000679718
0.000700872
0.000722571
0.000739138
0.000752041
0.00076541
0.000779028
0.00079292
0.000807311
0.000818004
0.000829444
0.000840294
0.000851296
0.000862594
0.000874224
0.000886066
0.000895333
0.000904818
0.000914543
0.000924468
0.00093462
0.000945112
0.000955755
0.000964651
0.00097354
0.000982749
0.000992174
0.00100183
0.00101155
0.00102144
0.00103078
0.00103946
0.00104825
0.00105715
0.00106631
0.00107566
0.00108563
0.00109536
0.00110435
0.00111324
0.00112226
0.00113132
0.00114057
0.00114997
0.0011596
0.0011687
0.00117828
0.00118733
0.00119661
0.00120652
0.00121607
0.00122576
0.00123567
0.00124578
0.00125603
0.00126758
0.00127812
0.00128898
0.00129999
0.0013111
0.00132236
0.00133393
0.00134558
0.00135786
0.00136962
0.00138219
0.00139456
0.00140713
0.00142099
0.00143588
0.00145049
0.00146398
0.00147841
0.00149332
0.00150889
0.00152317
0.00153775
0.00155207
0.00156667
0.00158126
0.00159634
0.00161195
0.00162771
0.00164327
0.00165931
0.00167522
0.00169183
0.0017083
0.00172632
0.00174308
0.00176001
0.00177715
0.00179456
0.00181271
0.00183099
0.00184909
0.00187813
0.00190513
0.00193234
0.00196549
0.00198533
0.00200473
0.00202441
0.00204427
0.00206498
0.00208644
0.00210852
0.00213032
0.00215207
0.00217428
0.00219664
0.0022193
0.00224216
0.00226499
0.00228754
0.00231032
0.00233376
0.00235828
0.00238178
0.00240542
0.00242935
0.00245421
0.00247877
0.0025038
0.00252994
0.00255528
0.00258399
0.00264653
0.00270756
0.00273642
0.00276411
0.00279122
0.0028192
0.00284742
0.00287509
0.00290396
0.00293215
0.00296188
0.00299139
0.00302783
0.00306442
0.0031012
0.00313742
0.00316815
0.0031999
0.0032306
0.003262
0.00329389
0.00332618
0.00335877
0.00339205
0.00342426
0.00345862
0.00349202
0.00352545
0.00356007
0.00359431
0.00362847
0.00366461
0.0037048
0.00374282
0.00377937
0.00381515
0.00385895
0.00389922
0.00393692
0.0039747
0.00401509
0.00405308
0.00409103
0.00413133
0.00417023
0.00421223
0.00428731
0.00434719
0.00438828
0.00443055
0.00447307
0.00451552
0.00455776
0.00460025
0.00464338
0.00468684
0.00472964
0.00477353
0.00481681
0.00486058
0.00490453
0.00495319
0.00499794
0.0050431
0.00508845
0.00513505
0.0051814
0.00522933
0.00527569
0.005324
0.00537623
0.00542522
0.00547707
0.0055276
0.00557753
0.0056285
0.00568089
0.00573169
0.00578299
0.00583375
0.00588635
0.00593842
0.00599034
0.00604369
0.00609623
0.00615008
0.00620337
0.00625723
0.00631189
0.0063663
0.00642147
0.00647622
0.00653292
0.00661191
0.00671837
0.0067826
0.00684079
0.00690255
0.00696119
0.0070223
0.00708325
0.00714292
0.00720489
0.00726573
0.00733799
0.00740657
0.00746965
0.00753321
0.00759626
0.00766067
0.0077252
0.00778917
0.00785453
0.00791867
0.00798288
0.00804771
0.00811503
0.00818078
0.0082476
0.00831539
0.00838255
0.0084496
0.00851871
0.00858797
0.00865713
0.00872668
0.00879817
0.0088681
0.0089391
0.00903419
0.00913397
0.00920724
0.0092821
0.00935596
0.00943092
0.00950569
0.00957905
0.00965464
0.00973014
0.00980742
0.00988346
0.00995953
0.010037
0.0101147
0.0101932
0.0102726
0.0103518
0.0104307
0.0105126
0.0105936
0.010675
0.0107564
0.0108375
0.0109201
0.0110112
0.0110953
0.0111879
0.0112728
0.0113589
0.0114947
0.0116196
0.0117065
0.0117928
0.0118806
0.0119699
0.0120579
0.0121486
0.0122372
0.0123283
0.0124185
0.0125077
0.0125999
0.0126914
0.0127845
0.0128773
0.0129846
0.0130822
0.0131803
0.0132792
0.0133844
0.0134863
0.0135846
0.0136839
0.0137814
0.0139339
0.0140419
0.0141522
0.014251
0.0143515
0.0144515
0.0145844
0.0146976
0.0148013
0.0149039
0.0150097
0.0151145
0.015218
0.0153244
0.0154292
0.0155356
0.0156406
0.0157472
0.015854
0.0159618
0.0160693
0.0161789
0.0163824
0.0165213
0.0166361
0.0167482
0.0168615
0.0169752
0.0170943
0.0172088
0.017323
0.0174373
0.0175526
0.0176679
0.0177845
0.0179003
0.0180175
0.0181362
0.0182554
0.0183743
0.0184926
0.0186119
0.0188118
0.0189334
0.0190542
0.0191799
0.019311
0.0194522
0.019583
0.0197134
0.0198461
0.0199765
0.0201091
0.0202428
0.0203773
0.0205122
0.0206498
0.0207813
0.0209133
0.021043
0.0212574
0.0213886
0.021519
0.0216512
0.0217839
0.0219194
0.0220538
0.0221951
0.0223344
0.0224798
0.0226286
0.0227841
0.0229334
0.0230847
0.0232368
0.0233885
0.0235737
0.0237787
0.0239277
0.0241047
0.0242606
0.0244113
0.0245589
0.0247048
0.0248491
0.0249967
0.0251415
0.0252888
0.0254366
0.0255838
0.0257328
0.025892
0.0261148
0.0262806
0.026453
0.0266144
0.0267782
0.0269608
0.0271428
0.0273198
0.027503
0.0276829
0.0278546
0.0280304
0.0282059
0.0283878
0.028621
0.0288285
0.0290417
0.0293634
0.0296638
0.0300364
0.0303754
0.0307695
0.031064
0.0313151
0.0316321
0.0318251
0.0320202
0.0322305
0.0324216
0.0326159
0.0328079
0.0329987
0.033195
0.033419
0.0336087
0.0337992
0.0340351
0.0342382
0.0344687
0.034671
0.0348638
0.0350526
0.0352479
0.0354382
0.0356369
0.0359004
0.0360998
0.0362967
0.0365014
0.036715
0.0369337
0.03714
0.0373533
0.0375529
0.0378171
0.0380362
0.0383736
0.0388083
0.0390107
0.0392585
0.0395219
0.0397331
0.0399374
0.0401564
0.0403584
0.0405815
0.0408361
0.0410392
0.0412427
0.0414734
0.0416962
0.0419114
0.0421243
0.0423811
0.0425891
0.0427993
0.0430163
0.0433062
0.0435211
0.0437935
0.0442873
0.0445853
0.04488
0.0454064
0.045917
0.046205
0.0464458
0.0467186
0.0470111
0.047254
0.0474907
0.0477725
0.0480789
0.0483696
0.0486163
0.0488977
0.0491813
0.0494143
0.0496874
0.05
0.0502804
0.0505439
0.0507721
0.0510012
0.0512303
0.0514587
0.0516875
0.0519186
0.0521475
0.0523787
0.0526126
0.0529057
0.0531417
0.053377
0.0536296
0.053881
0.0541307
0.0543778
0.054634
0.054878
0.055118
0.0554373
0.0556822
0.0559533
0.0562068
0.0564569
0.056699
0.0569449
0.0571894
0.0574363
0.0577337
0.0580059
0.0582539
0.0585066
0.0587711
0.0590366
0.0592908
0.0595439
0.0598108
0.0600717
0.0603939
0.0606493
0.060936
0.0611987
0.0615403
0.0618037
0.0620633
0.0623529
0.0626956
0.0629571
0.0632295
0.063601
0.0638769
0.06417
0.0644743
0.0647732
0.0651025
0.0653778
0.0659394
0.0663689
0.0667262
0.0670001
0.0672819
0.0676393
0.0679179
0.068194
0.0684723
0.0687497
0.0690812
0.0693602
0.0696439
0.0699771
0.0702711
0.0705578
0.0708812
0.0711717
0.0714599
0.071749
0.0720413
0.0723347
0.0726961
0.0729929
0.0733099
0.0736216
0.0739242
0.0742216
0.0745167
0.0748341
0.0751904
0.0754868
0.0757863
0.0761491
0.0764771
0.0767888
0.0770939
0.0774403
0.0777512
0.0780712
0.0783769
0.0786835
0.0790088
0.0793521
0.0796723
0.0800437
0.0803578
0.0806748
0.08102
0.0813511
0.081666
0.0820481
0.0824379
0.0827614
0.0831421
0.0834875
0.0838135
0.0841506
0.0845023
0.0848963
0.0852385
0.0855691
0.0859021
0.0862687
0.0866723
0.0870339
0.0874071
0.0877472
0.0880968
0.0884428
0.0888184
0.0891646
0.0895017
0.0898943
0.0902347
0.0905764
0.0909225
0.0913304
0.091681
0.0921056
0.0924574
0.0928475
0.0932458
0.0936015
0.0939573
0.094303
0.094717
0.0950803
0.0954735
0.0959217
0.0962789
0.0966348
0.0970509
0.0974096
0.097774
0.098138
0.0984983
0.0988724
0.0992774
0.0997027
0.100074
0.100445
0.100818
0.101204
0.101581
0.102045
0.102447
0.102821
0.103196
0.103648
0.104035
0.104442
0.104835
0.105219
0.105623
0.106064
0.106462
0.106874
0.107256
0.107655
0.108056
0.108442
0.108844
0.109267
0.109748
0.110152
0.110541
0.110933
0.111326
0.111768
0.112254
0.112671
0.113071
0.113546
0.114019
0.114523
0.114928
0.115416
0.115835
0.116236
0.116677
0.117082
0.117491
0.117979
0.118393
0.118819
0.119285
0.119732
0.120167
0.12059
0.121053
0.121585
0.122034
0.122853
0.123276
0.123701
0.124203
0.124625
0.125112
0.12557
0.126018
0.126538
0.126966
0.127401
0.12785
0.128355
0.128814
0.129338
0.129866
0.130347
0.130836
0.131364
0.13188
0.132376
0.132864
0.133378
0.133935
0.134448
0.134949
0.135451
0.135948
0.136483
0.137002
0.137753
0.138642
0.139788
0.140979
0.141677
0.14225
0.142825
0.143433
0.144117
0.144784
0.145513
0.146013
0.146505
0.146975
0.147508
0.148011
0.148525
0.149044
0.149621
0.15014
0.150805
0.151334
0.151854
0.152638
0.153138
0.153628
0.154149
0.154814
0.155363
0.155892
0.156413
0.15702
0.157548
0.158092
0.158642
0.15918
0.159769
0.160278
0.160804
0.161313
0.161877
0.162411
0.162922
0.163427
0.16392
0.164498
0.165031
0.16556
0.166085
0.166617
0.167442
0.168409
0.169611
0.170541
0.171106
0.171718
0.172269
0.172838
0.173404
0.173966
0.174647
0.175285
0.175873
0.17676
0.177524
0.178262
0.178863
0.17954
0.180132
0.180707
0.181284
0.181968
0.18268
0.183465
0.184549
0.185279
0.185991
0.187074
0.187762
0.188392
0.189065
0.189741
0.190548
0.191189
0.191845
0.192419
0.192998
0.19366
0.194603
0.195602
0.196566
0.197354
0.198106
0.199035
0.199957
0.200881
0.201692
0.202332
0.203665
0.204748
0.205917
0.207245
0.208356
0.209221
0.209976
0.211214
0.212162
0.212808
0.213402
0.214067
0.21466
0.21525
0.215846
0.216533
0.217125
0.217702
0.218286
0.218945
0.21953
0.220125
0.220728
0.221487
0.222079
0.222667
0.223263
0.223935
0.224525
0.2252
0.22596
0.226641
0.22731
0.22798
0.228829
0.229531
0.230219
0.230945
0.231552
0.232194
0.23285
0.233713
0.234387
0.235045
0.235728
0.236416
0.237068
0.237707
0.238472
0.239172
0.239831
0.240484
0.241236
0.241894
0.242551
0.243332
0.244035
0.244698
0.245353
0.246016
0.246703
0.247559
0.248393
0.249059
0.249701
0.25041
0.251053
0.251698
0.252341
0.252986
0.253649
0.254323
0.254997
0.255672
0.25637
0.257046
0.257726
0.258445
0.259131
0.25981
0.260488
0.261176
0.26186
0.262565
0.263294
0.263979
0.264794
0.265498
0.266194
0.266889
0.267584
0.268284
0.268979
0.269711
0.270415
0.271134
0.271842
0.272553
