5.71484e-06
1.17185e-05
1.77519e-05
2.46111e-05
3.20613e-05
4.26275e-05
5.66539e-05
7.24442e-05
9.10875e-05
0.000110201
0.000125045
0.000137145
0.000150692
0.00015983
0.000168159
0.000177236
0.000189913
0.000200299
0.000207486
0.000215023
0.000222914
0.000231086
0.0002403
0.000247928
0.000255035
0.000262429
0.000270673
0.000278498
0.000286531
0.000293912
0.000300893
0.00030812
0.000315532
0.000323497
0.000331363
0.000339591
0.00034656
0.000353678
0.00036089
0.000368535
0.000376237
0.000384257
0.000392179
0.000400054
0.000407914
0.000416726
0.000424503
0.000432504
0.000440817
0.000448929
0.000457182
0.000465642
0.000474394
0.000482912
0.000491453
0.000500296
0.000509248
0.000518287
0.000527265
0.000536756
0.00054607
0.00055553
0.00056508
0.000575106
0.000584965
0.000597123
0.000607252
0.000617638
0.00062815
0.000638643
0.000649286
0.00066017
0.000671315
0.00068329
0.000695017
0.000706691
0.000718469
0.000731012
0.000742997
0.000755123
0.000767781
0.000781046
0.000794035
0.000806661
0.000819855
0.000832682
0.000845644
0.000860389
0.000873879
0.000887571
0.000901283
0.00091766
0.000933855
0.000949079
0.00096431
0.000978985
0.000993798
0.00100871
0.00102368
0.00103886
0.00105571
0.00107101
0.00108644
0.00110212
0.00111805
0.00113433
0.00115092
0.00116806
0.00118466
0.00120272
0.00121957
0.00123715
0.00125473
0.00127232
0.00128979
0.00130749
0.00132619
0.00134409
0.00136215
0.0013804
0.00139934
0.00141851
0.00143778
0.00145685
0.0014761
0.0014955
0.00151808
0.00153784
0.00155766
0.00157776
0.00159894
0.0016192
0.00164062
0.00166106
0.00168211
0.00170437
0.00172589
0.00174733
0.00176867
0.00179093
0.00181265
0.00183455
0.00185656
0.00187996
0.00190281
0.00192584
0.00194898
0.00197381
0.0019973
0.00202032
0.00204331
0.0020674
0.00209095
0.00211528
0.00213976
0.00216563
0.00219003
0.00221451
0.0022398
0.00226468
0.00228977
0.00231513
0.00234187
0.00236758
0.00239352
0.00241935
0.00244842
0.00247463
0.00250171
0.00252875
0.00255532
0.00258304
0.00261194
0.00263921
0.00266642
0.00269399
0.00272202
0.00274967
0.00277751
0.00280853
0.00283654
0.00286488
0.0028941
0.00292265
0.00295147
0.00298117
0.00301049
0.00304038
0.00307217
0.00310216
0.00313216
0.00316307
0.00319352
0.00322423
0.00325575
0.00328885
0.00332013
0.00335181
0.00338317
0.00341481
0.00344878
0.0034807
0.00351314
0.00354587
0.00357842
0.00361228
0.00364581
0.00367848
0.00371151
0.00374696
0.0037803
0.00381458
0.00384802
0.00388155
0.0039174
0.00395125
0.00398583
0.0040208
0.00405533
0.00409315
0.00412808
0.0041632
0.00419908
0.00423498
0.00427154
0.00430738
0.00434345
0.00438172
0.00441802
0.00445558
0.00449234
0.0045293
0.004569
0.00460665
0.00464581
0.00468335
0.00472142
0.00476021
0.00480029
0.00484051
0.00487886
0.00491801
0.00495741
0.00499615
0.00503683
0.00507574
0.00511528
0.0051549
0.00519712
0.00523705
0.00527766
0.00531794
0.00535849
0.00540029
0.00544114
0.00548467
0.00552657
0.00556864
0.00561823
0.00566422
0.0057069
0.00575058
0.00579417
0.00583799
0.00588178
0.00592794
0.00597164
0.00601626
0.00605999
0.0061037
0.00614916
0.00619303
0.00623742
0.00628165
0.00632814
0.00637281
0.00641784
0.00646316
0.0065083
0.00655316
0.00660066
0.00664606
0.00669204
0.00673784
0.00678609
0.00683247
0.00687939
0.00692585
0.00697464
0.00702153
0.00707003
0.00711799
0.00717082
0.00722093
0.00727007
0.00731937
0.00736753
0.00741961
0.00746804
0.00751743
0.00756704
0.00761665
0.00766572
0.00771779
0.00776762
0.00781807
0.00787046
0.00792008
0.00797055
0.00802235
0.00807419
0.0081245
0.00817628
0.00822718
0.00827951
0.0083332
0.00838507
0.00843754
0.0084899
0.00854546
0.00859785
0.00865105
0.00870433
0.00876022
0.00881379
0.00886716
0.00892109
0.00897563
0.00903175
0.00908651
0.00914215
0.00919869
0.00925467
0.00931009
0.00936547
0.00942091
0.00947889
0.0095373
0.00959322
0.00965159
0.00970833
0.00976532
0.00982519
0.00988329
0.00994221
0.010001
0.0100579
0.0101174
0.0101751
0.0102335
0.0102931
0.0103509
0.0104112
0.0104712
0.0105295
0.0105885
0.0106489
0.0107075
0.0107684
0.0108275
0.0108888
0.0109498
0.0110093
0.0110695
0.0111312
0.0111917
0.0112539
0.0113198
0.0113808
0.011445
0.0115076
0.0115703
0.0116351
0.0116977
0.0117598
0.0118218
0.0118866
0.01195
0.0120127
0.012078
0.0121419
0.0122055
0.0122714
0.012336
0.0124003
0.0124648
0.0125316
0.0125969
0.0126614
0.0127283
0.0127955
0.0128607
0.0129284
0.012995
0.0130623
0.0131287
0.0131968
0.0132649
0.0133314
0.0133996
0.0134682
0.0135363
0.0136039
0.0136732
0.0137422
0.0138119
0.0138797
0.0139485
0.0140182
0.0140888
0.0141572
0.0142277
0.014299
0.0143686
0.0144399
0.0145093
0.0145798
0.0146506
0.0147221
0.0147922
0.0148631
0.014936
0.0150069
0.0150775
0.0151525
0.0152239
0.0152955
0.0153681
0.0154404
0.0155126
0.0155865
0.0156589
0.0157311
0.0158053
0.0158785
0.0159517
0.0160251
0.0160979
0.0161709
0.0162462
0.0163198
0.0163943
0.0164678
0.0165434
0.0166182
0.0166969
0.0167723
0.0168475
0.0169254
0.0170065
0.0170844
0.0171647
0.017242
0.0173194
0.0173977
0.0174755
0.0175556
0.0176337
0.0177114
0.0177907
0.0178702
0.0179509
0.0180289
0.0181074
0.0181864
0.018267
0.0183459
0.0184265
0.0185059
0.0185866
0.0186682
0.0187513
0.0188332
0.0189181
0.0190229
0.0191056
0.0191904
0.0192753
0.0193616
0.0194447
0.0195294
0.0196107
0.0196931
0.0197752
0.0198594
0.0199433
0.0200277
0.0201107
0.0201954
0.0202784
0.020362
0.0204467
0.0205302
0.0206153
0.0206995
0.0207833
0.0208681
0.0209537
0.0210383
0.0211257
0.0212116
0.021298
0.0213851
0.021473
0.0215596
0.0216455
0.0217314
0.0218193
0.0219062
0.021995
0.0220818
0.0221828
0.0222786
0.0223687
0.0224619
0.0225552
0.0226565
0.0227474
0.0228367
0.0229272
0.0230236
0.0231164
0.0232123
0.0233111
0.0234065
0.0234973
0.0236007
0.0236939
0.023793
0.0238841
0.0239771
0.0240692
0.0241611
0.0242537
0.0243513
0.024452
0.0245451
0.0246411
0.0247385
0.0248381
0.0249351
0.0250319
0.0251264
0.0252254
0.0253217
0.025416
0.0255121
0.0256071
0.0257017
0.025798
0.0258928
0.0259886
0.0260841
0.0261834
0.0262797
0.0263768
0.0264743
0.0265717
0.0266694
0.026767
0.0268674
0.026964
0.0270633
0.0271596
0.0272577
0.027355
0.0274514
0.0275514
0.0276488
0.0277493
0.0278482
0.0279477
0.0280459
0.0281445
0.0282439
0.0283445
0.0284445
0.0285464
0.0286486
0.0287488
0.0288552
0.0289555
0.0290571
0.029158
0.02926
0.0293634
0.0294669
0.0295681
0.0296717
0.0297731
0.0298757
0.0299798
0.0300841
0.0301929
0.0302984
0.030404
0.0305082
0.0306136
0.0307177
0.0308232
0.0309293
0.0310353
0.0311408
0.0312467
0.0313524
0.0314598
0.0315659
0.0316712
0.0317796
0.0318879
0.0319946
0.0321014
0.0322093
0.032316
0.0324232
0.0325329
0.0326394
0.0327471
0.032855
0.0329624
0.0330724
0.0331821
0.0332912
0.0333997
0.0335097
0.0336177
0.0337294
0.0338385
0.0339481
0.0340562
0.0341652
0.0342747
0.0343849
0.0344963
0.0346077
0.0347184
0.0348298
0.0349412
0.0350527
0.0351659
0.0352774
0.0353908
0.0355072
0.0356208
0.0357335
0.035848
0.0359663
0.0360835
0.036197
0.0363118
0.0364261
0.0365416
0.0366563
0.0367716
0.0368927
0.0370129
0.0371289
0.0372485
0.0373644
0.0374816
0.0375969
0.0377157
0.0378315
0.0379501
0.0380683
0.0381867
0.0383079
0.038427
0.0385456
0.0386633
0.038784
0.0389018
0.0390211
0.0391404
0.0392618
0.0393809
0.039502
0.0396246
0.039744
0.0398663
0.0399861
0.0401078
0.0402273
0.0403495
0.0404718
0.0405954
0.0407159
0.0408384
0.0409615
0.0410832
0.0412055
0.0413269
0.0414495
0.0415718
0.0416988
0.0418262
0.041951
0.0420759
0.0421986
0.0423243
0.0424481
0.0425741
0.0426984
0.042823
0.0429471
0.0430725
0.043199
0.0433229
0.0434506
0.043576
0.0437029
0.0438309
0.0439564
0.0440842
0.0442117
0.0443396
0.0444696
0.0445958
0.0447225
0.0448507
0.0449803
0.0451092
0.0452389
0.0453668
0.0454962
0.0456259
0.0457538
0.0458847
0.0460128
0.0461447
0.0462743
0.0464033
0.0465357
0.0466656
0.0467956
0.0469245
0.0470568
0.0471902
0.0473693
0.0475023
0.0476675
0.0478043
0.0479407
0.0480736
0.0482054
0.048339
0.0484707
0.0486046
0.0487372
0.0488689
0.049003
0.0491369
0.0492719
0.0494059
0.0495402
0.049674
0.0498082
0.0499438
0.0500787
0.0502143
0.0503491
0.0504839
0.0506194
0.0507558
0.0508915
0.0510286
0.0511646
0.0513021
0.0514378
0.0515743
0.0517125
0.0518519
0.0519919
0.0521312
0.0522711
0.0524097
0.0525514
0.0526905
0.0528304
0.052972
0.0531253
0.0532692
0.0534142
0.0535581
0.0536998
0.0538425
0.0539857
0.054129
0.054272
0.0544143
0.0545561
0.0547011
0.0548428
0.0549886
0.0551312
0.0552743
0.0554193
0.0555642
0.0557098
0.0558549
0.0560009
0.0561453
0.0562909
0.0564352
0.056582
0.0567284
0.0568733
0.0570193
0.0571664
0.0573168
0.0574642
0.0576106
0.0577584
0.0579041
0.0580518
0.0581989
0.058347
0.0584951
0.0586418
0.0587965
0.0589511
0.0591003
0.0592505
0.0593998
0.0595494
0.0596986
0.0598479
0.0599974
0.0601463
0.0602958
0.0604476
0.0605975
0.0607487
0.0609009
0.0610502
0.0612012
0.0613533
0.0615036
0.0616579
0.0618099
0.0619618
0.0621154
0.0622701
0.0624241
0.0625789
0.062732
0.0628863
0.0630382
0.0631915
0.0633461
0.0635
0.0636517
0.0638055
0.0639605
0.0641123
0.0642693
0.0644249
0.0645901
0.0647475
0.064903
0.0650565
0.0652123
0.0653692
0.065524
0.0656824
0.0658401
0.065996
0.066152
0.0663097
0.0664665
0.0666256
0.0667825
0.0669428
0.0671028
0.0672595
0.0674168
0.0675746
0.067734
0.0678913
0.06805
0.0682095
0.0683687
0.0685265
0.068685
0.0688434
0.0690023
0.0691612
0.0693198
0.0694799
0.0696382
0.0697983
0.0699586
0.0701204
0.0702848
0.0704519
0.0706164
0.0707771
0.070939
0.0711029
0.071266
0.0714285
0.071595
0.0717586
0.0719222
0.0720855
0.0722487
0.0724143
0.072578
0.072743
0.0729066
0.0730722
0.0732364
0.0734015
0.0735675
0.0737328
0.0738995
0.0740667
0.0742343
0.074401
0.0745705
0.0747432
0.0749178
0.0750958
0.0752779
0.0754567
0.0756274
0.0757965
0.0759702
0.0761493
0.0763321
0.0765212
0.0766926
0.0768678
0.07704
0.0772128
0.0773863
0.07756
0.0777418
0.0779146
0.0780858
0.0782631
0.0784444
0.0786309
0.0788065
0.07898
0.0791515
0.0793282
0.0795011
0.0796813
0.0798594
0.0800434
0.0802186
0.0803931
0.0805671
0.0807464
0.0809205
0.0810952
0.0812699
0.0814436
0.0816211
0.0817966
0.0819736
0.0821516
0.0823273
0.0825036
0.0826772
0.0828537
0.0830301
0.0832053
0.083384
0.0835648
0.0837474
0.0839288
0.0841134
0.0843034
0.0845203
0.0847417
0.0849286
0.0851174
0.0853001
0.0854798
0.0856585
0.0858421
0.0860317
0.086218
0.0864091
0.0865991
0.0867836
0.0869674
0.0871595
