2.84735e-06
6.16029e-06
9.62008e-06
1.33277e-05
1.6642e-05
2.06564e-05
2.52204e-05
2.96015e-05
3.45385e-05
3.99008e-05
4.58136e-05
5.14785e-05
5.74477e-05
6.38785e-05
7.0867e-05
7.7995e-05
8.53534e-05
9.30687e-05
0.000101658
0.000110118
0.000118887
0.000128053
0.000138203
0.000148202
0.000158257
0.000170092
0.000182475
0.000189591
0.000196655
0.000204055
0.00021157
0.000219366
0.000226533
0.000232398
0.000238421
0.000244642
0.000250938
0.000257443
0.000264722
0.000272237
0.000277722
0.000283278
0.000289035
0.000294875
0.000301316
0.00030747
0.000312953
0.00031821
0.000323496
0.00032894
0.000334506
0.000340218
0.000346054
0.000352153
0.000357297
0.000362527
0.000367835
0.000373255
0.000378747
0.000384357
0.000390056
0.000395898
0.000400996
0.000406122
0.000411339
0.000416805
0.00042229
0.000427969
0.000433674
0.000439496
0.0004455
0.000451023
0.000456626
0.000462344
0.00046808
0.000473949
0.000479877
0.000485853
0.000491967
0.000498116
0.000504427
0.000510736
0.000517519
0.000523974
0.000530523
0.000537231
0.00054395
0.000550839
0.000557777
0.000564759
0.000571842
0.000579027
0.000586281
0.000593632
0.000601897
0.000609853
0.000617515
0.000625233
0.000633445
0.000641315
0.000649243
0.000657375
0.000665978
0.000674134
0.000682453
0.000691371
0.000699887
0.00070847
0.000717224
0.000726
0.000734812
0.000743697
0.000752701
0.000761876
0.00077108
0.000780721
0.000790175
0.0007997
0.000809203
0.000818819
0.000828519
0.00083844
0.000848409
0.000858852
0.000869565
0.000879704
0.000890155
0.000900415
0.000910811
0.000921576
0.000934633
0.00094888
0.000962982
0.000977089
0.000991622
0.0010065
0.00102092
0.00103314
0.00104591
0.00105764
0.00106958
0.00108155
0.00109319
0.00110535
0.00111892
0.00113172
0.00114421
0.00115683
0.00116965
0.00118257
0.00119642
0.00121101
0.00122576
0.0012394
0.00125216
0.00126606
0.0012804
0.00129494
0.00130882
0.00132233
0.00133615
0.00134951
0.00136643
0.0013816
0.00140024
0.00142163
0.0014407
0.00145462
0.00146874
0.00148499
0.0014992
0.00151418
0.00152898
0.00154384
0.00155964
0.00157467
0.00158965
0.00160458
0.00161961
0.00163508
0.00165085
0.00166617
0.00168154
0.00169701
0.00171252
0.00172865
0.00174464
0.00176049
0.00177659
0.00179259
0.00180873
0.00182697
0.00184447
0.00186096
0.00187775
0.0018949
0.00191175
0.00192857
0.00194552
0.00196302
0.0019801
0.0019982
0.00201562
0.00203304
0.00205053
0.00206843
0.00208738
0.00210506
0.00212288
0.00214078
0.00215889
0.0021777
0.00219643
0.00221476
0.00223384
0.00225243
0.00227173
0.00229042
0.00231211
0.00233893
0.00236018
0.00238129
0.00240122
0.002421
0.00244129
0.00246106
0.002481
0.00250104
0.00252325
0.00254382
0.00256386
0.0025843
0.0026045
0.00262543
0.00264612
0.00266696
0.00268783
0.00270905
0.00272985
0.00275073
0.00277176
0.00279379
0.00281503
0.00283632
0.00285772
0.00288039
0.00290241
0.00292534
0.00294765
0.0029702
0.0029924
0.00301458
0.00303672
0.00305961
0.00308197
0.00310494
0.00312926
0.00315218
0.00317557
0.00319868
0.0032222
0.00324546
0.00326846
0.00329183
0.00331704
0.00334063
0.00336462
0.00338824
0.00341211
0.00343599
0.00345994
0.00348482
0.00350948
0.0035343
0.00355907
0.00358461
0.00361039
0.00363566
0.00366193
0.0036872
0.00371328
0.00373871
0.00376791
0.00379474
0.00382067
0.00384616
0.00387233
0.00389799
0.00392458
0.00395034
0.00397638
0.00400275
0.00402937
0.00405568
0.00409016
0.00411757
0.00414498
0.00417312
0.00420073
0.00422799
0.00425528
0.00428263
0.00430972
0.0043394
0.00436879
0.00439708
0.00442583
0.00445442
0.00448302
0.00451118
0.00454023
0.00456867
0.0045971
0.00462885
0.00465767
0.00468651
0.00471608
0.0047447
0.00477452
0.00480486
0.00483409
0.00486314
0.00489247
0.00492214
0.00495182
0.00498273
0.00501235
0.00504202
0.00507175
0.00510148
0.00513195
0.00516307
0.00519325
0.00522362
0.00525512
0.00528555
0.00531723
0.00535377
0.00538732
0.00542063
0.00545285
0.00548451
0.00551632
0.00554788
0.00558059
0.00561366
0.00564578
0.00568011
0.00571263
0.00574453
0.00577687
0.00580952
0.00584238
0.00587595
0.00590893
0.00594169
0.0059758
0.00600864
0.00604279
0.00607619
0.00610937
0.0061426
0.00617635
0.0062102
0.00624416
0.00627818
0.00631333
0.00634739
0.00638189
0.0064166
0.00645068
0.00648673
0.00652159
0.00655601
0.00659162
0.00662657
0.00666269
0.00669764
0.00673289
0.00676842
0.00680348
0.00683924
0.00687452
0.00691005
0.00694717
0.00698326
0.00701949
0.00705549
0.00709146
0.00712881
0.00716499
0.0072017
0.00723874
0.00727606
0.00731271
0.0073495
0.00738726
0.00742462
0.00746312
0.00750067
0.00753767
0.00757607
0.00761352
0.00765179
0.00768972
0.00772886
0.00776887
0.00780709
0.00784561
0.00788502
0.00792531
0.00796432
0.00800477
0.00804369
0.008085
0.00812441
0.00816459
0.0082041
0.00824319
0.0082837
0.00832354
0.00836427
0.00840419
0.00844531
0.00848523
0.00852553
0.00856635
0.0086066
0.00864926
0.00868957
0.00873072
0.00877175
0.00881465
0.00885698
0.00889936
0.00894185
0.00898389
0.0090255
0.00906895
0.00911159
0.00915398
0.00919578
0.00923921
0.0092813
0.00932369
0.009366
0.00940951
0.00945225
0.0094954
0.00953809
0.00958092
0.00962417
0.00966718
0.00971239
0.00975593
0.00979971
0.00984309
0.00988768
0.00993159
0.00997557
0.0100193
0.0100635
0.0101078
0.0101534
0.010198
0.0102432
0.0102874
0.0103332
0.010378
0.0104234
0.0104681
0.0105148
0.0105604
0.0106059
0.0106517
0.0106976
0.0107435
0.0107907
0.0108427
0.0108915
0.0109395
0.0109865
0.0110332
0.0110798
0.011127
0.0111739
0.0112217
0.0112714
0.0113197
0.0113671
0.0114152
0.0114628
0.0115115
0.0115607
0.0116081
0.0116555
0.0117029
0.0117513
0.0117993
0.0118487
0.0118966
0.0119455
0.0119942
0.0120443
0.0120936
0.0121422
0.0121923
0.0122416
0.0122907
0.0123398
0.0123892
0.0124388
0.0124902
0.0125407
0.0125911
0.0126423
0.0126929
0.0127429
0.0127935
0.0128449
0.012897
0.012949
0.0130004
0.0130511
0.0131029
0.0131547
0.0132074
0.0132607
0.013312
0.013364
0.0134155
0.0134715
0.0135245
0.0135772
0.0136299
0.0136814
0.0137345
0.0137865
0.0138398
0.0138937
0.0139462
0.0139993
0.0140528
0.0141064
0.01416
0.0142128
0.0142666
0.0143202
0.0143748
0.0144282
0.0144815
0.0145362
0.0145898
0.014645
0.0147002
0.0147553
0.0148111
0.0148657
0.0149201
0.014976
0.0150311
0.0150864
0.015143
0.0151986
0.0152542
0.0153104
0.0153657
0.0154227
0.0154784
0.015535
0.0155913
0.015648
0.0157047
0.0157614
0.0158172
0.0158745
0.0159314
0.0159876
0.0160458
0.0161026
0.0161596
0.0162167
0.0162737
0.0163378
0.0163998
0.0164574
0.0165173
0.0165766
0.0166368
0.0166964
0.0167549
0.0168148
0.0168729
0.0169325
0.0169913
0.0170509
0.0171111
0.0171705
0.017229
0.0172899
0.0173506
0.0174091
0.01747
0.0175311
0.0175908
0.0176505
0.0177116
0.0177715
0.0178331
0.0178942
0.0179545
0.0180173
0.018078
0.0181405
0.0182018
0.0182631
0.0183251
0.018387
0.0184507
0.0185135
0.0185748
0.0186388
0.0187014
0.0187629
0.0188309
0.0188952
0.0189605
0.0190262
0.0190918
0.019159
0.0192254
0.0192894
0.0193542
0.0194182
0.0194832
0.0195462
0.0196103
0.0196755
0.0197396
0.0198036
0.0198679
0.0199321
0.0199968
0.0200653
0.0201321
0.0202001
0.0202679
0.0203348
0.0204036
0.0204714
0.0205411
0.0206085
0.0206759
0.0207442
0.0208093
0.020875
0.0209421
0.0210086
0.0210741
0.0211408
0.0212104
0.0212774
0.0213436
0.0214124
0.0214827
0.0215519
0.021625
0.0216919
0.0217607
0.0218316
0.0219011
0.0219696
0.0220406
0.0221097
0.0221782
0.0222471
0.0223147
0.0223851
0.0224553
0.0225234
0.0225914
0.0226627
0.0227333
0.022805
0.0228763
0.0229447
0.0230144
0.023086
0.0231562
0.0232252
0.0232955
0.0233669
0.0234411
0.0235128
0.0235824
0.0236526
0.0237259
0.023798
0.0238691
0.0239401
0.0240127
0.024085
0.0241578
0.024229
0.0243002
0.024373
0.0244465
0.0245182
0.0245913
0.0246639
0.0247371
0.0248106
0.0248833
0.0249559
0.0250289
0.0251007
0.0251755
0.0252543
0.0253306
0.0254066
0.0254804
0.0255561
0.025629
0.0257081
0.0257874
0.0258652
0.0259405
0.0260163
0.0260922
0.026167
0.0262424
0.0263188
0.0263941
0.026471
0.026545
0.0266195
0.0266963
0.0267733
0.0268488
0.0269253
0.0270022
0.0270788
0.027157
0.0272353
0.027312
0.0273905
0.0274668
0.0275446
0.0276207
0.0276967
0.0277734
0.027851
0.0279278
0.0280056
0.0280824
0.0281597
0.0282366
0.0283153
0.0284275
0.0285348
0.0286488
0.02877
0.0288995
0.0290295
0.029155
0.0292554
0.0293495
0.0294448
0.0295268
0.0296068
0.0296873
0.0297689
0.0298943
0.0300184
0.0301011
0.0301816
0.0302618
0.0303424
0.0304281
0.0305098
0.0305903
0.0306704
0.0307509
0.0308323
0.0309129
0.030997
0.0310787
0.0311612
0.0312454
0.031327
0.0314083
0.0314899
0.0315744
0.0316584
0.0317405
0.0318321
0.0319173
0.0320011
0.0320844
0.0321668
0.0322517
0.032335
0.0324189
0.0325095
0.0325952
0.0326805
0.0327636
0.0328473
0.0329329
0.0330166
0.0331019
0.0331851
0.0332691
0.0333538
0.0334376
0.0335248
0.0336085
0.0336937
0.0337792
0.033865
0.0339519
0.0340379
0.0341253
0.0342106
0.0342964
0.034382
0.0344679
0.0345535
0.0346404
0.0347267
0.0348157
0.0349046
0.0349928
0.0350795
0.0351663
0.035253
0.0353405
0.0354624
0.0355984
0.0357318
0.0358655
0.036
0.036123
0.0362132
0.0363036
0.0363939
0.036526
0.0366692
0.0367694
0.0368584
0.0369469
0.0370356
0.0371289
0.0372205
0.0373127
0.0374051
0.0374951
0.0375842
0.0376747
0.0377656
0.0378641
0.0379591
0.0380536
0.0381467
0.0382369
0.0383275
0.0384217
0.0385117
0.0386022
0.0386925
0.0387842
0.0388752
0.0389657
0.0390571
0.0391506
0.0392417
0.0393597
0.0394551
0.0395467
0.0396404
0.0397325
0.039825
0.0399173
0.0400096
0.0401018
0.0401955
0.0402897
0.0403842
0.040478
0.0405705
0.040664
0.0407613
0.0408553
0.040951
0.0410466
0.041143
0.0412367
0.0413301
0.0414261
0.04152
0.0416149
0.0417085
0.0418043
0.0418984
0.0419931
0.0421192
0.0422664
0.0424134
0.0425604
0.0427061
0.0428051
0.0429025
0.0430015
0.0430987
0.0431986
0.0433478
0.0434834
0.0435942
0.0437054
0.0438032
0.0439011
0.0439983
0.0440979
0.0441939
0.0442954
0.0443931
0.0444905
0.0445893
0.0446908
0.0447932
0.0448914
0.0449943
0.045093
0.0451952
0.0452948
0.0453944
0.0454924
0.0455914
0.0456899
0.0457898
0.0458884
0.0459872
0.0460876
0.0461889
0.0462897
0.0463924
0.0464913
0.0465919
0.0466918
0.0467922
0.0468927
0.0469924
0.047094
0.0471945
0.0472975
0.0473978
0.0475
0.0476014
0.0477033
0.0478052
0.0479066
0.0480083
0.0481105
0.048213
0.0483141
0.0484171
0.0485185
0.0486213
0.0487249
0.0488284
0.0489312
0.0490397
0.0491441
0.0492473
0.0493503
0.0494537
0.0495584
0.049663
0.049766
0.0498705
0.0499751
0.0500812
0.050186
0.0502926
0.0503962
0.0505014
0.0506068
0.0507112
0.050817
0.0509216
