3.409e-06
6.43708e-06
9.84551e-06
1.35953e-05
1.77933e-05
2.24911e-05
2.76638e-05
3.32923e-05
4.00719e-05
4.83862e-05
5.74571e-05
6.53232e-05
7.36891e-05
8.31647e-05
9.33535e-05
0.000103695
0.000112937
0.000122889
0.000133157
0.000144088
0.000151633
0.000159471
0.000167508
0.000176348
0.000185032
0.000192854
0.000199468
0.000206432
0.000213673
0.000221244
0.0002291
0.000236347
0.000243041
0.000250498
0.00025895
0.000266984
0.000274663
0.000281837
0.000288603
0.000295636
0.000302927
0.000310448
0.000318151
0.000325764
0.00033275
0.000340024
0.000347463
0.000355092
0.000362975
0.000371038
0.000378976
0.000386679
0.000394588
0.000402645
0.000410734
0.000419035
0.000427914
0.000436689
0.000445753
0.000454673
0.00046352
0.000472577
0.000481885
0.000491383
0.000501106
0.000511031
0.000522175
0.000532886
0.00054351
0.000554965
0.000566094
0.000577483
0.000589109
0.000602529
0.000614672
0.000630823
0.000643744
0.000656611
0.000669827
0.000683635
0.000697791
0.000711827
0.000726029
0.000740604
0.000755883
0.000770937
0.00078776
0.000803893
0.000819854
0.000836091
0.000852615
0.000869917
0.000887497
0.000904958
0.000923369
0.000941365
0.000960171
0.00097887
0.000998372
0.00101767
0.00103777
0.00105884
0.00107904
0.00109966
0.00112058
0.00114184
0.00116386
0.00118619
0.00120843
0.00123142
0.00125493
0.00127864
0.00130221
0.00132667
0.00135185
0.00137654
0.00140158
0.00142758
0.00145726
0.00148388
0.00151076
0.00153853
0.00156575
0.00159336
0.00162179
0.00165011
0.00167945
0.00170905
0.00173936
0.0017697
0.00180013
0.00183183
0.00186285
0.00189436
0.00192672
0.00195932
0.00199382
0.00202743
0.00206095
0.00209534
0.00212967
0.00216442
0.00220089
0.00223689
0.00227339
0.00231036
0.00234731
0.00238518
0.002423
0.00246318
0.00250215
0.00254277
0.00258232
0.00262224
0.00266433
0.00270661
0.00274936
0.00279148
0.00283613
0.00287916
0.00292406
0.00296825
0.00302138
0.00307033
0.00311843
0.00316508
0.00321243
0.00326052
0.00330942
0.00335745
0.00340646
0.0034553
0.00350508
0.00355462
0.00360512
0.00365601
0.00370814
0.00375969
0.00381382
0.00386636
0.00392043
0.00397488
0.00402905
0.00408415
0.00413978
0.00419652
0.004254
0.0043109
0.00436908
0.00442822
0.00448752
0.00454685
0.00460682
0.00466799
0.00472915
0.00479021
0.00485264
0.00491643
0.00498023
0.00504425
0.00510943
0.00517438
0.00523996
0.00530615
0.00537368
0.00544274
0.00551099
0.00558028
0.0056496
0.00572577
0.00579715
0.00587003
0.00594133
0.00601567
0.00608969
0.00616419
0.00623842
0.00631303
0.00638858
0.00646493
0.00654164
0.00661937
0.00669663
0.00677498
0.00685445
0.0069349
0.0070159
0.00709831
0.0071801
0.00726252
0.00734592
0.00743571
0.00752025
0.00760551
0.00769372
0.00778333
0.00787709
0.00797208
0.00806707
0.00816759
0.00826449
0.00835516
0.00844614
0.00853798
0.00863015
0.00872313
0.00881725
0.00891184
0.00900753
0.0091036
0.00920009
0.0092974
0.00939607
0.00949456
0.00959372
0.00969422
0.00979491
0.00989716
0.00999971
0.0101032
0.0102064
0.0103128
0.0104187
0.0105247
0.0106317
0.0107391
0.0108466
0.0109553
0.0110654
0.0111755
0.0112865
0.0113985
0.0115113
0.0116304
0.0117526
0.0118773
0.0119925
0.0121085
0.0122281
0.0123531
0.0124905
0.0126118
0.0127325
0.0128651
0.0129866
0.0131108
0.0132332
0.0133566
0.0134814
0.013607
0.0137329
0.0138592
0.0139875
0.0141156
0.0142461
0.0143771
0.0145089
0.0146414
0.014775
0.014909
0.0150433
0.0151786
0.0153176
0.0154534
0.0155916
0.0157296
0.0158692
0.0160096
0.0161505
0.0162922
0.0164354
0.0165777
0.016723
0.0168679
0.0170143
0.0171624
0.01731
0.0174652
0.0176194
0.0177739
0.0179252
0.0180787
0.0182308
0.0183847
0.0185392
0.0186942
0.0188522
0.0190103
0.0191684
0.0193273
0.0194868
0.0196516
0.0198139
0.0199876
0.0201751
0.0203614
0.0205379
0.0207059
0.020875
0.0210442
0.0212128
0.0213828
0.0215547
0.0217274
0.0219006
0.0220748
0.0222508
0.0224263
0.0226041
0.0227816
0.0229614
0.0231415
0.0233221
0.0235055
0.0236889
0.023873
0.024059
0.0242445
0.0244313
0.024619
0.0248074
0.0249968
0.0251919
0.0253843
0.0255769
0.0257703
0.0259649
0.0261636
0.0263589
0.026562
0.0267676
0.0269675
0.0271681
0.0273722
0.0275772
0.0277824
0.027987
0.0281925
0.0283987
0.0286078
0.0288158
0.0290257
0.0292392
0.0294525
0.0296657
0.0298804
0.0300982
0.0303142
0.0305295
0.0307488
0.0309672
0.0311869
0.0314086
0.0316302
0.0318542
0.032079
0.0323077
0.0325483
0.0327795
0.0330095
0.0332383
0.0334686
0.0337013
0.0339344
0.0341697
0.0344064
0.0346424
0.0348798
0.0351229
0.0353695
0.0356122
0.0358526
0.0360968
0.0363399
0.0365862
0.0368332
0.0370824
0.0373301
0.0375851
0.0378366
0.0380874
0.0383394
0.0385936
0.0388488
0.0391041
0.0393628
0.0396208
0.0398841
0.0401462
0.0404071
0.0406715
0.0409362
0.0412099
0.041478
0.0417467
0.0420154
0.0422874
0.0425589
0.0428326
0.043106
0.0433804
0.0436579
0.0439345
0.0442143
0.0444957
0.0447802
0.0450623
0.0453454
0.0456292
0.0459149
0.0462009
0.0464911
0.0467813
0.0470838
0.0473825
0.0476743
0.0479689
0.048263
0.0485594
0.0488566
0.0491554
0.0494555
0.0497609
0.050066
0.0503679
0.0506717
0.0509788
0.0512866
0.0515983
0.0519063
0.0522189
0.0525307
0.0528441
0.0531617
0.0534782
0.0537957
0.0541153
0.054435
0.0547583
0.055083
0.0554067
0.0557319
0.0560588
0.0563858
0.056715
0.0570512
0.0573866
0.0577188
0.0580514
0.058387
0.0587228
0.0590642
0.0594038
0.059746
0.0600878
0.060431
0.0607743
0.0611221
0.0614696
0.0618191
0.0621785
0.0625381
0.0628902
0.0632433
0.0635989
0.063957
0.0643161
0.0646856
0.0650546
0.0654185
0.0657799
0.0661542
0.066529
0.0669257
0.0673144
0.0677151
0.0681071
0.0684891
0.0688677
0.0692434
0.0696302
0.0700232
0.0704145
0.0708247
0.0712384
0.0716547
0.0720568
0.0724434
0.0728316
0.0732405
0.0736568
0.074077
0.074518
0.0749555
0.0753852
0.0758164
0.0762573
0.0766953
0.0771312
0.0775711
0.0780066
0.078447
0.0788924
0.0793384
0.0797784
0.080226
0.0806996
0.0812357
0.081796
0.0823352
0.0828258
0.0833443
0.0838588
0.0843587
0.0848239
0.0852891
0.0857512
0.0862342
0.0867012
0.0872529
0.0877323
0.0881995
0.0886743
0.0891248
0.089636
0.090079
0.0905227
0.0909701
0.0914182
0.0918921
0.0923503
0.0928066
0.0932594
0.0937153
0.0941726
0.09463
0.0950897
0.0955483
0.0960098
0.0964766
0.0969447
0.09741
0.0978807
0.098349
0.0988239
0.0993329
0.0998667
0.100377
0.100891
0.10142
0.10198
0.102515
0.103077
0.103626
0.104168
0.104678
0.105249
0.105847
0.106423
0.107013
0.107626
0.108161
0.10872
0.109327
0.109941
0.110541
0.111136
0.111729
0.112452
0.113086
0.113712
0.114325
0.114896
0.115484
0.116088
0.116685
0.117283
0.117895
0.118516
0.119123
0.119765
0.120388
0.121002
0.121622
0.122233
0.122875
0.123568
0.124166
0.124762
0.125365
0.125967
0.126571
0.127185
0.127786
0.128395
0.128999
0.129622
0.130258
0.130882
0.131488
0.132112
0.132731
0.133367
0.133992
0.13462
0.135246
0.135883
0.136514
0.137145
0.137778
0.138413
0.139057
0.139705
0.140352
0.141002
0.141648
0.142295
0.142947
0.143599
0.144251
0.144905
0.14557
0.146229
0.146889
0.147547
0.148218
0.148889
0.149557
0.15024
0.150928
0.151619
0.1523
0.152975
0.153667
0.154347
0.155054
0.155764
0.156465
0.157162
0.157856
0.158558
0.159255
0.159956
0.160658
0.161363
0.162067
0.162782
0.1635
0.16421
0.164922
0.165649
0.166375
0.167105
0.167834
0.168589
0.169321
0.170041
0.170773
0.171489
0.172222
0.172949
0.173688
0.174421
0.17519
0.175919
0.176667
0.177407
0.178157
0.178905
0.179674
0.180435
0.181208
0.182017
0.182779
0.183532
0.184294
0.18509
0.185861
0.186625
0.187395
0.188174
0.188942
0.189722
0.190537
0.191315
0.19209
0.192873
0.193658
0.19444
0.195232
0.19602
0.196814
0.197619
0.19842
0.199228
0.200027
0.200883
0.201693
0.202506
0.203314
0.204127
0.204946
0.205756
0.206587
0.207408
0.208234
0.209058
0.209883
0.21072
0.21161
0.212484
0.213328
0.214162
0.215007
0.215862
0.216713
0.217562
0.21841
0.219261
0.220118
0.220982
0.221834
0.222708
0.223571
0.224451
0.225328
0.226191
0.227072
0.227948
0.22882
0.229706
0.230585
0.231478
0.23237
0.233255
0.234153
0.235058
0.235975
0.236885
0.237799
0.238709
0.239629
0.240607
0.241505
0.242426
0.243326
0.244238
0.245164
0.246073
0.246978
0.247865
0.248793
0.249735
0.250645
0.251554
0.252433
0.253338
0.254281
0.255223
0.256149
0.257082
0.258013
0.259074
0.260131
0.261095
0.262047
0.263009
0.264081
0.265097
0.266075
0.267162
0.268162
0.269117
0.270136
0.27115
0.272343
0.273316
0.274397
0.27549
0.276507
0.277562
0.278589
0.279633
0.280688
0.281735
0.282801
0.283895
0.284995
0.2861
0.287188
0.288278
0.289385
0.290548
0.291816
0.293146
0.29441
0.295662
0.296818
0.298084
0.299247
0.300496
0.301625
0.302827
0.30418
0.305404
0.306653
0.307842
0.309047
0.310208
0.31145
0.312643
0.313801
0.315155
0.316496
0.317744
0.318811
0.319896
0.320988
0.322095
0.323184
0.324395
0.325653
0.326963
0.328304
0.329567
0.330758
0.331919
0.333131
0.334455
0.335614
0.336753
0.337879
0.339064
0.340192
0.341323
0.342442
0.343629
0.344871
0.34603
0.34717
0.348414
0.349681
0.351101
0.352509
0.353874
0.35527
0.35654
0.357824
0.359185
0.360489
0.361662
0.363125
0.364655
0.366024
0.367329
0.368717
0.370117
0.371399
0.372557
0.373744
0.374927
0.3761
0.377277
0.378459
0.379629
0.380839
0.382018
0.383216
0.384439
0.385679
0.386884
0.388126
0.389322
0.390539
0.39182
0.393077
0.394286
0.395544
0.396818
0.398188
0.399402
0.400609
0.401974
0.403366
0.404797
0.406139
0.407506
0.408821
0.41012
0.411363
0.412606
0.413958
0.415283
0.41659
0.41792
0.419216
0.420503
0.421814
0.423156
0.424464
0.425786
0.427078
0.428363
0.429631
0.430912
0.432221
0.433545
0.434829
0.43614
0.437427
0.438718
0.440058
0.441348
0.442635
0.443926
0.445213
0.446504
0.447799
0.449088
0.45039
0.45169
0.453031
0.45434
0.455679
0.457041
0.45841
0.459835
0.461246
0.462589
0.463964
0.46531
0.466634
0.468022
0.469444
0.470904
0.472298
0.47371
0.475076
0.476424
0.47777
0.479146
0.480514
0.481967
0.483395
0.484849
0.486536
0.488014
0.489469
0.490942
0.492425
